
------------- Round 0 -------rankID, status, x, y, z, Fx , Fy , Fz --------------
0, 1, 0, 0, 4000, 0, 0, 100.01, 
1, 1, 0, 0, 0, 0, 0, 30, 
2, 1, 500, 0, 0, 0, 0, 10, 
3, 1, 500, -500, 0, 0, 0, 15, 
4, 1, -500, -500, 0, 0, 0, 20, 
5, 1, -500, 0, 0, 0, 0, 5, 
6, 1, -500, 500, 0, 0, 0, 25, 
7, 1, 500, 500, 0, 0, 0, 10, 

------------- Round 1 -------rankID, status, x, y, z, Fx , Fy , Fz --------------
0, 1, 0, 0, 4100.01, 0, 0, 100.01, 
1, 1, 0, 0, 42.0879, 0, 0, 54.1759, 
2, 1, 498.455, 0, 22.1473, -3.09, 0, 34.2947, 
3, 1, 498.455, -498.695, 27.1325, -3.09, 2.61, 39.265, 
4, 1, -498.455, -498.695, 32.1176, 3.09, 2.61, 44.2353, 
5, 1, -498.455, 0, 17.1622, 3.09, 0, 29.3244, 
6, 1, -498.455, 498.695, 37.1028, 3.09, -2.61, 49.2056, 
7, 1, 498.455, 498.695, 22.1473, -3.09, -2.61, 34.2947, 

------------- Round 2 -------rankID, status, x, y, z, Fx , Fy , Fz --------------
0, 1, 0, 0, 4200.02, 0, 0, 100.01, 
1, 1, 0, 0, 108.452, 0, 0, 78.5522, 
2, 1, 493.834, 0, 68.7484, -6.15136, 0, 58.9075, 
3, 1, 493.834, -494.79, 78.6743, -6.15136, 5.19956, 63.8187, 
4, 1, -493.834, -494.79, 88.6002, 6.15136, 5.19956, 68.7298, 
5, 1, -493.834, 0, 58.8225, 6.15136, 0, 53.9963, 
6, 1, -493.834, 494.79, 98.5261, 6.15136, -5.19956, 73.641, 
7, 1, 493.834, 494.79, 68.7484, -6.15136, -5.19956, 58.9075, 

------------- Round 3 -------rankID, status, x, y, z, Fx , Fy , Fz --------------
0, 1, 0, 0, 4300.03, 0, 0, 100.01, 
1, 1, 0, 0, 199.22, 0, 0, 102.984, 
2, 1, 486.176, 0, 140.048, -9.16524, 0, 83.6914, 
3, 1, 486.176, -488.313, 154.841, -9.16524, 7.75523, 88.5144, 
4, 1, -486.176, -488.313, 169.634, 9.16524, 7.75523, 93.3375, 
5, 1, -486.176, 0, 125.255, 9.16524, 0, 78.8684, 
6, 1, -486.176, 488.313, 184.427, 9.16524, -7.75523, 98.1605, 
7, 1, 486.176, 488.313, 140.048, -9.16524, -7.75523, 83.6914, 

------------- Round 4 -------rankID, status, x, y, z, Fx , Fy , Fz --------------
0, 1, 0, 0, 4400.04, 0, 0, 100.01, 
1, 1, 0, 0, 314.374, 0, 0, 127.325, 
2, 1, 475.537, 0, 236.143, -12.1132, 0, 108.499, 
3, 1, 475.537, -479.303, 255.701, -12.1132, 10.2637, 113.205, 
4, 1, -475.537, -479.303, 275.258, 12.1132, 10.2637, 117.912, 
5, 1, -475.537, 0, 216.585, 12.1132, 0, 103.792, 
6, 1, -475.537, 479.303, 294.816, 12.1132, -10.2637, 122.618, 
7, 1, 475.537, 479.303, 236.143, -12.1132, -10.2637, 108.499, 

------------- Round 5 -------rankID, status, x, y, z, Fx , Fy , Fz --------------
0, 1, 0, 0, 4500.05, 0, 0, 100.01, 
1, 1, 0, 0, 453.752, 0, 0, 151.431, 
2, 1, 461.992, 0, 356.983, -14.9771, 0, 133.182, 
3, 1, 461.992, -467.815, 381.175, -14.9771, 12.7121, 137.744, 
4, 1, -461.992, -467.815, 405.368, 14.9771, 12.7121, 142.307, 
5, 1, -461.992, 0, 332.791, 14.9771, 0, 128.619, 
6, 1, -461.992, 467.815, 429.56, 14.9771, -12.7121, 146.869, 
7, 1, 461.992, 467.815, 356.983, -14.9771, -12.7121, 133.182, 

------------- Round 6 -------rankID, status, x, y, z, Fx , Fy , Fz --------------
0, 1, 0, 0, 4600.06, 0, 0, 100.01, 
1, 1, 0, 0, 617.048, 0, 0, 175.161, 
2, 1, 445.633, 0, 502.371, -17.7397, 0, 157.595, 
3, 1, 445.633, -453.915, 531.04, -17.7397, 15.0878, 161.986, 
4, 1, -445.633, -453.915, 559.71, 17.7397, 15.0878, 166.378, 
5, 1, -445.633, 0, 473.702, 17.7397, 0, 153.203, 
6, 1, -445.633, 453.915, 588.379, 17.7397, -15.0878, 170.769, 
7, 1, 445.633, 453.915, 502.371, -17.7397, -15.0878, 157.595, 

------------- Round 7 -------rankID, status, x, y, z, Fx , Fy , Fz --------------
0, 1, 0, 0, 4700.07, 0, 0, 100.01, 
1, 1, 0, 0, 803.815, 0, 0, 198.374, 
2, 1, 426.571, 0, 671.965, -20.3841, 0, 181.593, 
3, 1, 426.571, -437.682, 704.927, -20.3841, 17.3784, 185.788, 
4, 1, -426.571, -437.682, 737.89, 20.3841, 17.3784, 189.983, 
5, 1, -426.571, 0, 639.002, 20.3841, 0, 177.398, 
6, 1, -426.571, 437.682, 770.853, 20.3841, -17.3784, 194.178, 
7, 1, 426.571, 437.682, 671.965, -20.3841, -17.3784, 181.593, 

------------- Round 8 -------rankID, status, x, y, z, Fx , Fy , Fz --------------
0, 1, 0, 0, 4800.08, 0, 0, 100.01, 
1, 1, 0, 0, 1013.47, 0, 0, 220.933, 
2, 1, 404.932, 0, 865.279, -22.8943, 0, 205.035, 
3, 1, 404.932, -419.207, 902.326, -22.8943, 19.5724, 209.01, 
4, 1, -404.932, -419.207, 939.374, 22.8943, 19.5724, 212.984, 
5, 1, -404.932, 0, 828.231, 22.8943, 0, 201.061, 
6, 1, -404.932, 419.207, 976.421, 22.8943, -19.5724, 216.959, 
7, 1, 404.932, 419.207, 865.279, -22.8943, -19.5724, 205.035, 

------------- Round 9 -------rankID, status, x, y, z, Fx , Fy , Fz --------------
0, 1, 0, 0, 4900.09, 0, 0, 100.01, 
1, 1, 0, 0, 1245.29, 0, 0, 242.707, 
2, 1, 380.857, 0, 1081.69, -25.2553, 0, 227.784, 
3, 1, 380.857, -398.591, 1122.59, -25.2553, 21.6585, 231.515, 
4, 1, -380.857, -398.591, 1163.49, 25.2553, 21.6585, 235.246, 
5, 1, -380.857, 0, 1040.79, 25.2553, 0, 224.053, 
6, 1, -380.857, 398.591, 1204.39, 25.2553, -21.6585, 238.976, 
7, 1, 380.857, 398.591, 1081.69, -25.2553, -21.6585, 227.784, 

------------- Round 10 -------rankID, status, x, y, z, Fx , Fy , Fz --------------
0, 1, 0, 0, 5000.1, 0, 0, 100.01, 
1, 1, 0, 0, 1498.43, 0, 0, 263.569, 
2, 1, 354.503, 0, 1320.43, -27.4529, 0, 249.706, 
3, 1, 354.503, -375.949, 1364.93, -27.4529, 23.6261, 253.172, 
4, 1, -354.503, -375.949, 1409.43, 27.4529, 23.6261, 256.638, 
5, 1, -354.503, 0, 1275.94, 27.4529, 0, 246.241, 
6, 1, -354.503, 375.949, 1453.93, 27.4529, -23.6261, 260.103, 
7, 1, 354.503, 375.949, 1320.43, -27.4529, -23.6261, 249.706, 

------------- Round 11 -------rankID, status, x, y, z, Fx , Fy , Fz --------------
0, 1, 0, 0, 5100.11, 0, 0, 100.01, 
1, 1, 0, 0, 1771.91, 0, 0, 283.398, 
2, 1, 326.04, 0, 1580.62, -29.4741, 0, 270.674, 
3, 1, 326.04, -351.403, 1628.45, -29.4741, 25.4652, 273.855, 
4, 1, -326.04, -351.403, 1676.27, 29.4741, 25.4652, 277.036, 
5, 1, -326.04, 0, 1532.8, 29.4741, 0, 267.494, 
6, 1, -326.04, 351.403, 1724.09, 29.4741, -25.4652, 280.217, 
7, 1, 326.04, 351.403, 1580.62, -29.4741, -25.4652, 270.674, 

------------- Round 12 -------rankID, status, x, y, z, Fx , Fy , Fz --------------
0, 1, 0, 0, 5200.12, 0, 0, 100.01, 
1, 1, 0, 0, 2064.65, 0, 0, 302.078, 
2, 1, 295.649, 0, 1861.24, -31.3069, 0, 290.566, 
3, 1, 295.649, -325.088, 1912.1, -31.3069, 27.1666, 293.444, 
4, 1, -295.649, -325.088, 1962.95, 31.3069, 27.1666, 296.322, 
5, 1, -295.649, 0, 1810.39, 31.3069, 0, 287.688, 
6, 1, -295.649, 325.088, 2013.8, 31.3069, -27.1666, 299.2, 
7, 1, 295.649, 325.088, 1861.24, -31.3069, -27.1666, 290.566, 

ship - 5 collided with ship: 1 at position 55119.7
------------- Round 13 -------rankID, status, x, y, z, Fx , Fy , Fz --------------
0, 1, 0, 0, 5300.13, 0, 0, 100.01, 
1, 1, 0, 0, 2375.44, 0, 0, 319.502, 
2, 1, 263.526, 0, 2161.16, -32.9405, 0, 309.267, 
3, 1, 263.526, -297.143, 2214.73, -32.9405, 28.7218, 311.826, 
4, 1, -263.526, -297.143, 2268.3, 32.9405, 28.7218, 314.385, 
5, 1, -263.526, 0, 2107.59, 32.9405, 0, 306.709, 
6, 1, -263.526, 297.143, 2321.87, 32.9405, -28.7218, 316.943, 
7, 1, 263.526, 297.143, 2161.16, -32.9405, -28.7218, 309.267, 

------------- Round 14 -------rankID, status, x, y, z, Fx , Fy , Fz --------------
0, 1, 0, 0, 5400.14, 0, 0, 100.01, 
1, 1, 0, 0, 2702.97, 0, 0, 335.571, 
2, 1, 229.873, 0, 2479.13, -34.3655, 0, 326.67, 
3, 1, 229.873, -267.721, 2535.09, -34.3655, 30.1229, 328.895, 
4, 1, -229.873, -267.721, 2591.05, 34.3655, 30.1229, 331.12, 
5, 0, -229.873, 0, 2423.17, 34.3655, 0, 324.445, 
6, 1, -229.873, 267.721, 2647.01, 34.3655, -30.1229, 333.346, 
7, 1, 229.873, 267.721, 2479.13, -34.3655, -30.1229, 326.67, 
ship - 2 collided with ship: 1 at position 50269.9

------------- Round 15 -------rankID, status, x, y, z, Fx , Fy , Fz --------------
0, 1, 0, 0, 5500.15, 0, 0, 100.01, 
1, 1, 0, 0, 3045.86, 0, 0, 350.193, 
2, 0, 194.903, 0, 2813.8, -35.5737, 0, 342.674, 
3, 1, 194.903, -236.978, 2871.82, -35.5737, 31.3632, 344.554, 
4, 1, -194.903, -236.978, 2929.83, 35.5737, 31.3632, 346.434, 
5, 0, -229.873, 0, 2423.17, 34.3655, 0, 324.445, 
6, 1, -194.903, 236.978, 2987.84, 35.5737, -31.3632, 348.313, 
7, 1, 194.903, 236.978, 2813.8, -35.5737, -31.3632, 342.674, 

ship - 7 collided with ship: 1 at position 60084.6
------------- Round 16 -------rankID, status, x, y, z, Fx , Fy , Fz --------------
0, 1, 0, 0, 5600.16, 0, 0, 100.01, 
1, 1, 0, 0, 3402.6, 0, 0, 363.285, 
2, 0, 194.903, 0, 2813.8, -35.5737, 0, 342.674, 
3, 1, 158.837, -205.078, 3223.45, -36.5584, 32.4365, 358.714, 
4, 1, -158.837, -205.078, 3283.16, 36.5584, 32.4365, 360.238, 
5, 0, -229.873, 0, 2423.17, 34.3655, 0, 324.445, 
6, 1, -158.837, 205.078, 3342.88, 36.5584, -32.4365, 361.761, 
7, 1, 158.837, 205.078, 3163.73, -36.5584, -32.4365, 357.19, 

------------- Round 17 -------rankID, status, x, y, z, Fx , Fy , Fz --------------
0, 1, 0, 0, 5700.17, 0, 0, 100.01, 
1, 1, 0, 0, 3771.63, 0, 0, 374.775, 
2, 0, 194.903, 0, 2813.8, -35.5737, 0, 342.674, 
3, 1, 121.901, -172.191, 3588.45, -37.3141, 33.3377, 371.295, 
4, 1, -121.901, -172.191, 3649.51, 37.3141, 33.3377, 372.455, 
5, 0, -229.873, 0, 2423.17, 34.3655, 0, 324.445, 
6, 1, -121.901, 172.191, 3710.57, 37.3141, -33.3377, 373.615, 
7, 0, 121.901, 172.191, 3527.4, -37.3141, -33.3377, 370.134, 
ship - 3 collided with ship: 1 at position 53292.8

------------- Round 18 -------rankID, status, x, y, z, Fx , Fy , Fz --------------
0, 1, 0, 0, 5800.18, 0, 0, 100.01, 
1, 1, 0, 0, 4151.31, 0, 0, 384.598, 
2, 0, 194.903, 0, 2813.8, -35.5737, 0, 342.674, 
3, 1, 84.3253, -138.491, 3965.21, -37.8368, 34.0625, 382.227, 
4, 1, -84.3253, -138.491, 4027.25, 37.8368, 34.0625, 383.017, 
5, 0, -229.873, 0, 2423.17, 34.3655, 0, 324.445, 
6, 1, -84.3253, 138.491, 4089.28, 37.8368, -34.0625, 383.808, 
7, 0, 121.901, 172.191, 3527.4, -37.3141, -33.3377, 370.134, 

------------- Round 19 -------rankID, status, x, y, z, Fx , Fy , Fz --------------
0, 1, 0, 0, 5900.19, 0, 0, 100.01, 
1, 1, 0, 0, 4539.96, 0, 0, 392.702, 
2, 0, 194.903, 0, 2813.8, -35.5737, 0, 342.674, 
3, 0, 46.3449, -104.156, 4352.05, -38.1241, 34.6076, 391.45, 
4, 1, -46.3449, -104.156, 4414.69, 38.1241, 34.6076, 391.868, 
5, 0, -229.873, 0, 2423.17, 34.3655, 0, 324.445, 
6, 1, -46.3449, 104.156, 4477.33, 38.1241, -34.6076, 392.285, 
7, 0, 121.901, 172.191, 3527.4, -37.3141, -33.3377, 370.134, 

------------- Round 20 -------rankID, status, x, y, z, Fx , Fy , Fz --------------
0, 1, 0, 0, 6000.2, 0, 0, 100.01, 
1, 1, 0, 0, 4935.84, 0, 0, 399.043, 
2, 0, 194.903, 0, 2813.8, -35.5737, 0, 342.674, 
3, 0, 46.3449, -104.156, 4352.05, -38.1241, 34.6076, 391.45, 
4, 1, -8.19533, -69.3666, 4810.1, 38.1749, 34.9707, 398.958, 
5, 0, -229.873, 0, 2423.17, 34.3655, 0, 324.445, 
6, 1, -8.19533, 69.3666, 4872.97, 38.1749, -34.9707, 399.001, 
7, 0, 121.901, 172.191, 3527.4, -37.3141, -33.3377, 370.134, 

------------- Round 21 -------rankID, status, x, y, z, Fx , Fy , Fz --------------
0, 1, 0, 0, 6100.21, 0, 0, 100.01, 
1, 1, 0, 0, 5337.15, 0, 0, 403.59, 
2, 0, 194.903, 0, 2813.8, -35.5737, 0, 342.674, 
3, 0, 46.3449, -104.156, 4352.05, -38.1241, 34.6076, 391.45, 
4, 1, 29.887, -34.3061, 5211.71, 37.9897, 35.1502, 404.251, 
5, 0, -229.873, 0, 2423.17, 34.3655, 0, 324.445, 
6, 1, 29.887, 34.3061, 5274.43, 37.9897, -35.1502, 403.92, 
7, 0, 121.901, 172.191, 3527.4, -37.3141, -33.3377, 370.134, 

------------- Round 22 -------rankID, status, x, y, z, Fx , Fy , Fz --------------
0, 1, 0, 0, 6200.22, 0, 0, 100.01, 
1, 1, 0, 0, 5742.11, 0, 0, 406.319, 
2, 0, 194.903, 0, 2813.8, -35.5737, 0, 342.674, 
3, 0, 46.3449, -104.156, 4352.05, -38.1241, 34.6076, 391.45, 
4, 1, 67.6669, 0.841893, 5617.69, 37.5702, 35.1458, 407.722, 
5, 0, -229.873, 0, 2423.17, 34.3655, 0, 324.445, 
6, 1, 67.6669, -0.841893, 5679.9, 37.5702, -35.1458, 407.02, 
7, 0, 121.901, 172.191, 3527.4, -37.3141, -33.3377, 370.134, 

------------- Round 23 -------rankID, status, x, y, z, Fx , Fy , Fz --------------
0, 1, 0, 0, 6300.23, 0, 0, 100.01, 
1, 1, 0, 0, 6148.88, 0, 0, 407.221, 
2, 0, 194.903, 0, 2813.8, -35.5737, 0, 342.674, 
3, 0, 46.3449, -104.156, 4352.05, -38.1241, 34.6076, 391.45, 
4, 1, 104.912, 35.8938, 6026.23, 36.9198, 34.958, 409.354, 
5, 0, -229.873, 0, 2423.17, 34.3655, 0, 324.445, 
6, 1, 104.912, -35.8938, 6087.55, 36.9198, -34.958, 408.287, 
7, 0, 121.901, 172.191, 3527.4, -37.3141, -33.3377, 370.134, 

------------- Round 24 -------rankID, status, x, y, z, Fx , Fy , Fz --------------
0, 1, 0, 0, 6400.24, 0, 0, 100.01, 
1, 1, 0, 0, 6555.63, 0, 0, 406.295, 
2, 0, 194.903, 0, 2813.8, -35.5737, 0, 342.674, 
3, 0, 46.3449, -104.156, 4352.05, -38.1241, 34.6076, 391.45, 
4, 1, 141.393, 70.6668, 6435.48, 36.0433, 34.5881, 409.144, 
5, 0, -229.873, 0, 2423.17, 34.3655, 0, 324.445, 
6, 1, 141.393, -70.6668, 6495.56, 36.0433, -34.5881, 407.719, 
7, 0, 121.901, 172.191, 3527.4, -37.3141, -33.3377, 370.134, 

------------- Round 25 -------rankID, status, x, y, z, Fx , Fy , Fz --------------
0, 1, 0, 0, 6500.25, 0, 0, 100.01, 
1, 1, 0, 0, 6960.56, 0, 0, 403.552, 
2, 0, 194.903, 0, 2813.8, -35.5737, 0, 342.674, 
3, 0, 46.3449, -104.156, 4352.05, -38.1241, 34.6076, 391.45, 
4, 1, 176.888, 104.98, 6843.6, 34.9467, 34.0387, 407.099, 
5, 0, -229.873, 0, 2423.17, 34.3655, 0, 324.445, 
6, 1, 176.888, -104.98, 6902.08, 34.9467, -34.0387, 405.325, 
7, 0, 121.901, 172.191, 3527.4, -37.3141, -33.3377, 370.134, 

------------- Round 26 -------rankID, status, x, y, z, Fx , Fy , Fz --------------
0, 1, 0, 0, 6600.26, 0, 0, 100.01, 
1, 1, 0, 0, 7361.84, 0, 0, 399.015, 
2, 0, 194.903, 0, 2813.8, -35.5737, 0, 342.674, 
3, 0, 46.3449, -104.156, 4352.05, -38.1241, 34.6076, 391.45, 
4, 1, 211.181, 138.656, 7248.77, 33.6376, 33.313, 403.235, 
5, 0, -229.873, 0, 2423.17, 34.3655, 0, 324.445, 
6, 1, 211.181, -138.656, 7305.3, 33.6376, -33.313, 401.125, 
7, 0, 121.901, 172.191, 3527.4, -37.3141, -33.3377, 370.134, 

------------- Round 27 -------rankID, status, x, y, z, Fx , Fy , Fz --------------
0, 1, 0, 0, 6700.27, 0, 0, 100.01, 
1, 1, 0, 0, 7757.71, 0, 0, 392.715, 
2, 0, 194.903, 0, 2813.8, -35.5737, 0, 342.674, 
3, 0, 46.3449, -104.156, 4352.05, -38.1241, 34.6076, 391.45, 
4, 1, 244.062, 171.52, 7649.18, 32.1246, 32.4153, 397.582, 
5, 0, -229.873, 0, 2423.17, 34.3655, 0, 324.445, 
6, 1, 244.062, -171.52, 7703.44, 32.1246, -32.4153, 395.148, 
7, 0, 121.901, 172.191, 3527.4, -37.3141, -33.3377, 370.134, 

------------- Round 28 -------rankID, status, x, y, z, Fx , Fy , Fz --------------
0, 1, 0, 0, 6800.28, 0, 0, 100.01, 
1, 1, 0, 0, 8146.41, 0, 0, 384.695, 
2, 0, 194.903, 0, 2813.8, -35.5737, 0, 342.674, 
3, 0, 46.3449, -104.156, 4352.05, -38.1241, 34.6076, 391.45, 
4, 1, 275.333, 203.403, 8043.06, 30.4178, 31.3508, 390.178, 
5, 0, -229.873, 0, 2423.17, 34.3655, 0, 324.445, 
6, 1, 275.333, -203.403, 8094.73, 30.4178, -31.3508, 387.437, 
7, 0, 121.901, 172.191, 3527.4, -37.3141, -33.3377, 370.134, 

------------- Round 29 -------rankID, status, x, y, z, Fx , Fy , Fz --------------
0, 1, 0, 0, 6900.29, 0, 0, 100.01, 
1, 1, 0, 0, 8526.26, 0, 0, 375.008, 
2, 0, 194.903, 0, 2813.8, -35.5737, 0, 342.674, 
3, 0, 46.3449, -104.156, 4352.05, -38.1241, 34.6076, 391.45, 
4, 1, 304.806, 234.141, 8428.68, 28.5282, 30.1254, 381.072, 
5, 0, -229.873, 0, 2423.17, 34.3655, 0, 324.445, 
6, 1, 304.806, -234.141, 8477.47, 28.5282, -30.1254, 378.04, 
7, 0, 121.901, 172.191, 3527.4, -37.3141, -33.3377, 370.134, 

------------- Round 30 -------rankID, status, x, y, z, Fx , Fy , Fz --------------
0, 1, 0, 0, 7000.3, 0, 0, 100.01, 
1, 1, 0, 0, 8895.63, 0, 0, 363.717, 
2, 0, 194.903, 0, 2813.8, -35.5737, 0, 342.674, 
3, 0, 46.3449, -104.156, 4352.05, -38.1241, 34.6076, 391.45, 
4, 1, 332.304, 263.577, 8804.38, 26.4682, 28.7459, 370.324, 
5, 0, -229.873, 0, 2423.17, 34.3655, 0, 324.445, 
6, 1, 332.304, -263.577, 8850, 26.4682, -28.7459, 367.02, 
7, 0, 121.901, 172.191, 3527.4, -37.3141, -33.3377, 370.134, 

------------- Round 31 -------rankID, status, x, y, z, Fx , Fy , Fz --------------
0, 1, 0, 0, 7100.31, 0, 0, 100.01, 
1, 1, 0, 0, 9252.93, 0, 0, 350.892, 
2, 0, 194.903, 0, 2813.8, -35.5737, 0, 342.674, 
3, 0, 46.3449, -104.156, 4352.05, -38.1241, 34.6076, 391.45, 
4, 1, 357.664, 291.56, 9168.54, 24.251, 27.22, 358.002, 
5, 0, -229.873, 0, 2423.17, 34.3655, 0, 324.445, 
6, 1, 357.664, -291.56, 9210.74, 24.251, -27.22, 354.447, 
7, 0, 121.901, 172.191, 3527.4, -37.3141, -33.3377, 370.134, 

------------- Round 32 -------rankID, status, x, y, z, Fx , Fy , Fz --------------
0, 1, 0, 0, 7200.32, 0, 0, 100.01, 
1, 1, 0, 0, 9596.68, 0, 0, 336.615, 
2, 0, 194.903, 0, 2813.8, -35.5737, 0, 342.674, 
3, 0, 46.3449, -104.156, 4352.05, -38.1241, 34.6076, 391.45, 
4, 1, 380.735, 317.948, 9519.63, 21.8908, 25.5559, 344.184, 
5, 0, -229.873, 0, 2423.17, 34.3655, 0, 324.445, 
6, 1, 380.735, -317.948, 9558.16, 21.8908, -25.5559, 340.4, 
7, 0, 121.901, 172.191, 3527.4, -37.3141, -33.3377, 370.134, 

------------- Round 33 -------rankID, status, x, y, z, Fx , Fy , Fz --------------
0, 1, 0, 0, 7300.33, 0, 0, 100.01, 
1, 1, 0, 0, 9925.48, 0, 0, 320.975, 
2, 0, 194.903, 0, 2813.8, -35.5737, 0, 342.674, 
3, 0, 46.3449, -104.156, 4352.05, -38.1241, 34.6076, 391.45, 
4, 1, 401.381, 342.607, 9856.2, 19.4026, 23.7628, 328.957, 
5, 0, -229.873, 0, 2423.17, 34.3655, 0, 324.445, 
6, 1, 401.381, -342.607, 9890.84, 19.4026, -23.7628, 324.966, 
7, 0, 121.901, 172.191, 3527.4, -37.3141, -33.3377, 370.134, 

------------- Round 34 -------rankID, status, x, y, z, Fx , Fy , Fz --------------
0, 1, 0, 0, 7400.34, 0, 0, 100.01, 
1, 1, 0, 0, 10238, 0, 0, 304.069, 
2, 0, 194.903, 0, 2813.8, -35.5737, 0, 342.674, 
3, 0, 46.3449, -104.156, 4352.05, -38.1241, 34.6076, 391.45, 
4, 1, 419.484, 365.414, 10176.9, 16.8021, 21.8504, 312.415, 
5, 0, -229.873, 0, 2423.17, 34.3655, 0, 324.445, 
6, 1, 419.484, -365.414, 10207.4, 16.8021, -21.8504, 308.242, 
7, 0, 121.901, 172.191, 3527.4, -37.3141, -33.3377, 370.134, 

------------- Round 35 -------rankID, status, x, y, z, Fx , Fy , Fz --------------
0, 1, 0, 0, 7500.35, 0, 0, 100.01, 
1, 1, 0, 0, 10533, 0, 0, 286.002, 
2, 0, 194.903, 0, 2813.8, -35.5737, 0, 342.674, 
3, 0, 46.3449, -104.156, 4352.05, -38.1241, 34.6076, 391.45, 
4, 1, 434.938, 386.253, 10480.4, 14.1059, 19.8289, 294.661, 
5, 0, -229.873, 0, 2423.17, 34.3655, 0, 324.445, 
6, 1, 434.938, -386.253, 10506.7, 14.1059, -19.8289, 290.331, 
7, 0, 121.901, 172.191, 3527.4, -37.3141, -33.3377, 370.134, 

------------- Round 36 -------rankID, status, x, y, z, Fx , Fy , Fz --------------
0, 1, 0, 0, 7600.36, 0, 0, 100.01, 
1, 1, 0, 0, 10809.5, 0, 0, 266.883, 
2, 0, 194.903, 0, 2813.8, -35.5737, 0, 342.674, 
3, 0, 46.3449, -104.156, 4352.05, -38.1241, 34.6076, 391.45, 
4, 1, 447.656, 405.022, 10765.7, 11.3308, 17.7091, 275.803, 
5, 0, -229.873, 0, 2423.17, 34.3655, 0, 324.445, 
6, 1, 447.656, -405.022, 10787.6, 11.3308, -17.7091, 271.343, 
7, 0, 121.901, 172.191, 3527.4, -37.3141, -33.3377, 370.134, 

------------- Round 37 -------rankID, status, x, y, z, Fx , Fy , Fz --------------
0, 1, 0, 0, 7700.37, 0, 0, 100.01, 
1, 1, 0, 0, 11066.3, 0, 0, 246.829, 
2, 0, 194.903, 0, 2813.8, -35.5737, 0, 342.674, 
3, 0, 46.3449, -104.156, 4352.05, -38.1241, 34.6076, 391.45, 
4, 1, 457.569, 421.628, 11031.5, 8.49425, 15.5025, 255.957, 
5, 0, -229.873, 0, 2423.17, 34.3655, 0, 324.445, 
6, 1, 457.569, -421.628, 11048.9, 8.49425, -15.5025, 251.393, 
7, 0, 121.901, 172.191, 3527.4, -37.3141, -33.3377, 370.134, 

------------- Round 38 -------rankID, status, x, y, z, Fx , Fy , Fz --------------
0, 1, 0, 0, 7800.38, 0, 0, 100.01, 
1, 1, 0, 0, 11302.7, 0, 0, 225.963, 
2, 0, 194.903, 0, 2813.8, -35.5737, 0, 342.674, 
3, 0, 46.3449, -104.156, 4352.05, -38.1241, 34.6076, 391.45, 
4, 1, 464.623, 435.99, 11277.1, 5.61398, 13.2206, 235.243, 
5, 0, -229.873, 0, 2423.17, 34.3655, 0, 324.445, 
6, 1, 464.623, -435.99, 11289.9, 5.61398, -13.2206, 230.603, 
7, 0, 121.901, 172.191, 3527.4, -37.3141, -33.3377, 370.134, 

------------- Round 39 -------rankID, status, x, y, z, Fx , Fy , Fz --------------
0, 1, 0, 0, 7900.39, 0, 0, 100.01, 
1, 1, 0, 0, 11517.9, 0, 0, 204.411, 
2, 0, 194.903, 0, 2813.8, -35.5737, 0, 342.674, 
3, 0, 46.3449, -104.156, 4352.05, -38.1241, 34.6076, 391.45, 
4, 1, 468.784, 448.038, 11501.7, 2.70792, 10.8758, 213.788, 
5, 0, -229.873, 0, 2423.17, 34.3655, 0, 324.445, 
6, 1, 468.784, -448.038, 11509.8, 2.70792, -10.8758, 209.1, 
7, 0, 121.901, 172.191, 3527.4, -37.3141, -33.3377, 370.134, 

------------- Round 40 -------rankID, status, x, y, z, Fx , Fy , Fz --------------
0, 1, 0, 0, 8000.4, 0, 0, 100.01, 
1, 1, 0, 0, 11711.3, 0, 0, 182.303, 
2, 0, 194.903, 0, 2813.8, -35.5737, 0, 342.674, 
3, 0, 46.3449, -104.156, 4352.05, -38.1241, 34.6076, 391.45, 
4, 1, 470.035, 457.716, 11704.4, -0.205901, 8.48023, 191.721, 
5, 0, -229.873, 0, 2423.17, 34.3655, 0, 324.445, 
6, 1, 470.035, -457.716, 11707.8, -0.205901, -8.48023, 187.012, 
7, 0, 121.901, 172.191, 3527.4, -37.3141, -33.3377, 370.134, 

------------- Round 41 -------rankID, status, x, y, z, Fx , Fy , Fz --------------
0, 1, 0, 0, 8100.41, 0, 0, 100.01, 
1, 1, 0, 0, 11882.3, 0, 0, 159.771, 
2, 0, 194.903, 0, 2813.8, -35.5737, 0, 342.674, 
3, 0, 46.3449, -104.156, 4352.05, -38.1241, 34.6076, 391.45, 
4, 1, 468.377, 464.98, 11884.9, -3.10944, 6.04669, 169.174, 
5, 0, -229.873, 0, 2423.17, 34.3655, 0, 324.445, 
6, 1, 468.377, -464.98, 11883.6, -3.10944, -6.04669, 164.473, 
7, 0, 121.901, 172.191, 3527.4, -37.3141, -33.3377, 370.134, 

------------- Round 42 -------rankID, status, x, y, z, Fx , Fy , Fz --------------
0, 1, 0, 0, 8200.42, 0, 0, 100.01, 
1, 1, 0, 0, 12030.7, 0, 0, 136.952, 
2, 0, 194.903, 0, 2813.8, -35.5737, 0, 342.674, 
3, 0, 46.3449, -104.156, 4352.05, -38.1241, 34.6076, 391.45, 
4, 1, 463.83, 469.797, 12042.6, -5.9848, 3.58793, 146.284, 
5, 0, -229.873, 0, 2423.17, 34.3655, 0, 324.445, 
6, 1, 463.83, -469.797, 12036.6, -5.9848, -3.58793, 141.618, 
7, 0, 121.901, 172.191, 3527.4, -37.3141, -33.3377, 370.134, 

------------- Round 43 -------rankID, status, x, y, z, Fx , Fy , Fz --------------
0, 1, 0, 0, 8300.43, 0, 0, 100.01, 
1, 1, 0, 0, 12156.1, 0, 0, 113.981, 
2, 0, 194.903, 0, 2813.8, -35.5737, 0, 342.674, 
3, 0, 46.3449, -104.156, 4352.05, -38.1241, 34.6076, 391.45, 
4, 1, 456.43, 472.149, 12177.3, -8.81428, 1.11686, 123.186, 
5, 0, -229.873, 0, 2423.17, 34.3655, 0, 324.445, 
6, 1, 456.43, -472.149, 12166.7, -8.81428, -1.11686, 118.584, 
7, 0, 121.901, 172.191, 3527.4, -37.3141, -33.3377, 370.134, 

------------- Round 44 -------rankID, status, x, y, z, Fx , Fy , Fz --------------
0, 1, 0, 0, 8400.44, 0, 0, 100.01, 
1, 1, 0, 0, 12258.6, 0, 0, 90.9949, 
2, 0, 194.903, 0, 2813.8, -35.5737, 0, 342.674, 
3, 0, 46.3449, -104.156, 4352.05, -38.1241, 34.6076, 391.45, 
4, 1, 446.233, 472.031, 12288.9, -11.5805, -1.35358, 100.02, 
5, 0, -229.873, 0, 2423.17, 34.3655, 0, 324.445, 
6, 1, 446.233, -472.031, 12273.8, -11.5805, 1.35358, 95.5074, 
7, 0, 121.901, 172.191, 3527.4, -37.3141, -33.3377, 370.134, 

------------- Round 45 -------rankID, status, x, y, z, Fx , Fy , Fz --------------
0, 1, 0, 0, 8500.45, 0, 0, 100.01, 
1, 1, 0, 0, 12338.2, 0, 0, 68.1308, 
2, 0, 194.903, 0, 2813.8, -35.5737, 0, 342.674, 
3, 0, 46.3449, -104.156, 4352.05, -38.1241, 34.6076, 391.45, 
4, 1, 433.309, 469.449, 12377.4, -14.2667, -3.81052, 76.9222, 
5, 0, -229.873, 0, 2423.17, 34.3655, 0, 324.445, 
6, 1, 433.309, -469.449, 12357.8, -14.2667, 3.81052, 72.5265, 
7, 0, 121.901, 172.191, 3527.4, -37.3141, -33.3377, 370.134, 

------------- Round 46 -------rankID, status, x, y, z, Fx , Fy , Fz --------------
0, 1, 0, 0, 8600.46, 0, 0, 100.01, 
1, 1, 0, 0, 12395, 0, 0, 45.524, 
2, 0, 194.903, 0, 2813.8, -35.5737, 0, 342.674, 
3, 0, 46.3449, -104.156, 4352.05, -38.1241, 34.6076, 391.45, 
4, 1, 417.748, 464.423, 12442.9, -16.8564, -6.24115, 54.0303, 
5, 0, -229.873, 0, 2423.17, 34.3655, 0, 324.445, 
6, 1, 417.748, -464.423, 12418.9, -16.8564, 6.24115, 49.7772, 
7, 0, 121.901, 172.191, 3527.4, -37.3141, -33.3377, 370.134, 

------------- Round 47 -------rankID, status, x, y, z, Fx , Fy , Fz --------------
0, 1, 0, 0, 8700.47, 0, 0, 100.01, 
1, 1, 0, 0, 12429.4, 0, 0, 23.308, 
2, 0, 194.903, 0, 2813.8, -35.5737, 0, 342.674, 
3, 0, 46.3449, -104.156, 4352.05, -38.1241, 34.6076, 391.45, 
4, 1, 399.653, 456.986, 12485.6, -19.3339, -8.63286, 31.4795, 
5, 0, -229.873, 0, 2423.17, 34.3655, 0, 324.445, 
6, 1, 399.653, -456.986, 12457.5, -19.3339, 8.63286, 27.3937, 
7, 0, 121.901, 172.191, 3527.4, -37.3141, -33.3377, 370.134, 

------------- Round 48 -------rankID, status, x, y, z, Fx , Fy , Fz --------------
0, 1, 0, 0, 8800.48, 0, 0, 100.01, 
1, 1, 0, 0, 12441.9, 0, 0, 1.61355, 
2, 0, 194.903, 0, 2813.8, -35.5737, 0, 342.674, 
3, 0, 46.3449, -104.156, 4352.05, -38.1241, 34.6076, 391.45, 
4, 1, 379.144, 447.183, 12506.1, -21.6843, -10.9733, 9.40274, 
5, 0, -229.873, 0, 2423.17, 34.3655, 0, 324.445, 
6, 1, 379.144, -447.183, 12474, -21.6843, 10.9733, 5.50815, 
7, 0, 121.901, 172.191, 3527.4, -37.3141, -33.3377, 370.134, 

------------- Round 49 -------rankID, status, x, y, z, Fx , Fy , Fz --------------
0, 1, 0, 0, 8900.49, 0, 0, 100.01, 
1, 1, 0, 0, 12433, 0, 0, -19.432, 
2, 0, 194.903, 0, 2813.8, -35.5737, 0, 342.674, 
3, 0, 46.3449, -104.156, 4352.05, -38.1241, 34.6076, 391.45, 
4, 1, 356.355, 435.071, 12504.7, -23.8934, -13.2503, -12.0702, 
5, 0, -229.873, 0, 2423.17, 34.3655, 0, 324.445, 
6, 1, 356.355, -435.071, 12468.9, -23.8934, 13.2503, -15.7511, 
7, 0, 121.901, 172.191, 3527.4, -37.3141, -33.3377, 370.134, 

------------- Round 50 -------rankID, status, x, y, z, Fx , Fy , Fz --------------
0, 1, 0, 0, 9000.5, 0, 0, 100.01, 
1, 1, 0, 0, 12403.4, 0, 0, -39.7055, 
2, 0, 194.903, 0, 2813.8, -35.5737, 0, 342.674, 
3, 0, 46.3449, -104.156, 4352.05, -38.1241, 34.6076, 391.45, 
4, 1, 331.434, 420.72, 12482.3, -25.948, -15.4522, -32.8137, 
5, 0, -229.873, 0, 2423.17, 34.3655, 0, 324.445, 
6, 1, 331.434, -420.72, 12442.9, -25.948, 15.4522, -36.2596, 
7, 0, 121.901, 172.191, 3527.4, -37.3141, -33.3377, 370.134, 

------------- Round 51 -------rankID, status, x, y, z, Fx , Fy , Fz --------------
0, 1, 0, 0, 9100.51, 0, 0, 100.01, 
1, 1, 0, 0, 12354, 0, 0, -59.0889, 
2, 0, 194.903, 0, 2813.8, -35.5737, 0, 342.674, 
3, 0, 46.3449, -104.156, 4352.05, -38.1241, 34.6076, 391.45, 
4, 1, 304.542, 404.21, 12439.5, -27.8359, -17.5677, -52.7066, 
5, 0, -229.873, 0, 2423.17, 34.3655, 0, 324.445, 
6, 1, 304.542, -404.21, 12396.8, -27.8359, 17.5677, -55.8978, 
7, 0, 121.901, 172.191, 3527.4, -37.3141, -33.3377, 370.134, 

------------- Round 52 -------rankID, status, x, y, z, Fx , Fy , Fz --------------
0, 1, 0, 0, 9200.52, 0, 0, 100.01, 
1, 1, 0, 0, 12285.7, 0, 0, -77.4698, 
2, 0, 194.903, 0, 2813.8, -35.5737, 0, 342.674, 
3, 0, 46.3449, -104.156, 4352.05, -38.1241, 34.6076, 391.45, 
4, 1, 275.851, 385.633, 12377.4, -29.5459, -19.586, -71.6332, 
5, 0, -229.873, 0, 2423.17, 34.3655, 0, 324.445, 
6, 1, 275.851, -385.633, 12331.6, -29.5459, 19.586, -74.5515, 
7, 0, 121.901, 172.191, 3527.4, -37.3141, -33.3377, 370.134, 

------------- Round 53 -------rankID, status, x, y, z, Fx , Fy , Fz --------------
0, 1, 0, 0, 9300.53, 0, 0, 100.01, 
1, 1, 0, 0, 12199.6, 0, 0, -94.7417, 
2, 0, 194.903, 0, 2813.8, -35.5737, 0, 342.674, 
3, 0, 46.3449, -104.156, 4352.05, -38.1241, 34.6076, 391.45, 
4, 1, 245.544, 365.092, 12296.8, -31.0681, -21.4967, -89.4841, 
5, 0, -229.873, 0, 2423.17, 34.3655, 0, 324.445, 
6, 1, 245.544, -365.092, 12248.2, -31.0681, 21.4967, -92.1129, 
7, 0, 121.901, 172.191, 3527.4, -37.3141, -33.3377, 370.134, 

------------- Round 54 -------rankID, status, x, y, z, Fx , Fy , Fz --------------
0, 1, 0, 0, 9400.54, 0, 0, 100.01, 
1, 1, 0, 0, 12096.9, 0, 0, -110.806, 
2, 0, 194.903, 0, 2813.8, -35.5737, 0, 342.674, 
3, 0, 46.3449, -104.156, 4352.05, -38.1241, 34.6076, 391.45, 
4, 1, 213.813, 342.698, 12199, -32.3935, -23.2903, -106.156, 
5, 0, -229.873, 0, 2423.17, 34.3655, 0, 324.445, 
6, 1, 213.813, -342.698, 12147.9, -32.3935, 23.2903, -108.481, 
7, 0, 121.901, 172.191, 3527.4, -37.3141, -33.3377, 370.134, 

------------- Round 55 -------rankID, status, x, y, z, Fx , Fy , Fz --------------
0, 1, 0, 0, 9500.55, 0, 0, 100.01, 
1, 1, 0, 0, 11978.7, 0, 0, -125.569, 
2, 0, 194.903, 0, 2813.8, -35.5737, 0, 342.674, 
3, 0, 46.3449, -104.156, 4352.05, -38.1241, 34.6076, 391.45, 
4, 1, 180.859, 318.574, 12085.1, -33.5147, -24.9576, -121.555, 
5, 0, -229.873, 0, 2423.17, 34.3655, 0, 324.445, 
6, 1, 180.859, -318.574, 12031.9, -33.5147, 24.9576, -123.562, 
7, 0, 121.901, 172.191, 3527.4, -37.3141, -33.3377, 370.134, 

------------- Round 56 -------rankID, status, x, y, z, Fx , Fy , Fz --------------
0, 1, 0, 0, 9600.56, 0, 0, 100.01, 
1, 1, 0, 0, 11846.4, 0, 0, -138.95, 
2, 0, 194.903, 0, 2813.8, -35.5737, 0, 342.674, 
3, 0, 46.3449, -104.156, 4352.05, -38.1241, 34.6076, 391.45, 
4, 1, 146.889, 292.85, 11956.6, -34.4253, -26.4903, -135.591, 
5, 0, -229.873, 0, 2423.17, 34.3655, 0, 324.445, 
6, 1, 146.889, -292.85, 11901.5, -34.4253, 26.4903, -137.27, 
7, 0, 121.901, 172.191, 3527.4, -37.3141, -33.3377, 370.134, 

------------- Round 57 -------rankID, status, x, y, z, Fx , Fy , Fz --------------
0, 1, 0, 0, 9700.57, 0, 0, 100.01, 
1, 1, 0, 0, 11701.5, 0, 0, -150.871, 
2, 0, 194.903, 0, 2813.8, -35.5737, 0, 342.674, 
3, 0, 46.3449, -104.156, 4352.05, -38.1241, 34.6076, 391.45, 
4, 1, 112.116, 265.665, 11814.7, -35.1203, -27.8807, -148.186, 
5, 0, -229.873, 0, 2423.17, 34.3655, 0, 324.445, 
6, 1, 112.116, -265.665, 11758.1, -35.1203, 27.8807, -149.528, 
7, 0, 121.901, 172.191, 3527.4, -37.3141, -33.3377, 370.134, 

------------- Round 58 -------rankID, status, x, y, z, Fx , Fy , Fz --------------
ship - 6 collided with ship: 1 at position 56209.3
ship - 4 collided with ship: 1 at position 47093.9
0, 1, 0, 0, 9800.58, 0, 0, 100.01, 
1, 1, 0, 0, 11545.4, 0, 0, -161.266, 
2, 0, 194.903, 0, 2813.8, -35.5737, 0, 342.674, 
3, 0, 46.3449, -104.156, 4352.05, -38.1241, 34.6076, 391.45, 
4, 1, 76.7582, 237.164, 11660.9, -35.5962, -29.1219, -159.269, 
5, 0, -229.873, 0, 2423.17, 34.3655, 0, 324.445, 
6, 1, 76.7582, -237.164, 11603.2, -35.5962, 29.1219, -160.268, 
7, 0, 121.901, 172.191, 3527.4, -37.3141, -33.3377, 370.134, 

------------- Round 59 -------rankID, status, x, y, z, Fx , Fy , Fz --------------
0, 1, 0, 0, 9900.59, 0, 0, 100.01, 
1, 1, 0, 0, 11379.8, 0, 0, -170.078, 
2, 0, 194.903, 0, 2813.8, -35.5737, 0, 342.674, 
3, 0, 46.3449, -104.156, 4352.05, -38.1241, 34.6076, 391.45, 
4, 0, 41.0348, 207.499, 11496.9, -35.8506, -30.2079, -168.78, 
5, 0, -229.873, 0, 2423.17, 34.3655, 0, 324.445, 
6, 0, 41.0348, -207.499, 11438.3, -35.8506, 30.2079, -169.429, 
7, 0, 121.901, 172.191, 3527.4, -37.3141, -33.3377, 370.134, 

------------- Round 60 -------rankID, status, x, y, z, Fx , Fy , Fz --------------
0, 1, 0, 0, 10000.6, 0, 0, 100.01, 
1, 1, 0, 0, 11206.1, 0, 0, -177.26, 
2, 0, 194.903, 0, 2813.8, -35.5737, 0, 342.674, 
3, 0, 46.3449, -104.156, 4352.05, -38.1241, 34.6076, 391.45, 
4, 0, 41.0348, 207.499, 11496.9, -35.8506, -30.2079, -168.78, 
5, 0, -229.873, 0, 2423.17, 34.3655, 0, 324.445, 
6, 0, 41.0348, -207.499, 11438.3, -35.8506, 30.2079, -169.429, 
7, 0, 121.901, 172.191, 3527.4, -37.3141, -33.3377, 370.134, 

------------- Round 61 -------rankID, status, x, y, z, Fx , Fy , Fz --------------
0, 1, 0, 0, 10100.6, 0, 0, 100.01, 
1, 1, 0, 0, 11026.1, 0, 0, -182.774, 
2, 0, 194.903, 0, 2813.8, -35.5737, 0, 342.674, 
3, 0, 46.3449, -104.156, 4352.05, -38.1241, 34.6076, 391.45, 
4, 0, 41.0348, 207.499, 11496.9, -35.8506, -30.2079, -168.78, 
5, 0, -229.873, 0, 2423.17, 34.3655, 0, 324.445, 
6, 0, 41.0348, -207.499, 11438.3, -35.8506, 30.2079, -169.429, 
7, 0, 121.901, 172.191, 3527.4, -37.3141, -33.3377, 370.134, 

------------- Round 62 -------rankID, status, x, y, z, Fx , Fy , Fz --------------
0, 1, 0, 0, 10200.6, 0, 0, 100.01, 
1, 1, 0, 0, 10841.4, 0, 0, -186.592, 
2, 0, 194.903, 0, 2813.8, -35.5737, 0, 342.674, 
3, 0, 46.3449, -104.156, 4352.05, -38.1241, 34.6076, 391.45, 
4, 0, 41.0348, 207.499, 11496.9, -35.8506, -30.2079, -168.78, 
5, 0, -229.873, 0, 2423.17, 34.3655, 0, 324.445, 
6, 0, 41.0348, -207.499, 11438.3, -35.8506, 30.2079, -169.429, 
7, 0, 121.901, 172.191, 3527.4, -37.3141, -33.3377, 370.134, 

------------- Round 63 -------rankID, status, x, y, z, Fx , Fy , Fz --------------
0, 1, 0, 0, 10300.6, 0, 0, 100.01, 
1, 1, 0, 0, 10653.8, 0, 0, -188.695, 
2, 0, 194.903, 0, 2813.8, -35.5737, 0, 342.674, 
3, 0, 46.3449, -104.156, 4352.05, -38.1241, 34.6076, 391.45, 
4, 0, 41.0348, 207.499, 11496.9, -35.8506, -30.2079, -168.78, 
5, 0, -229.873, 0, 2423.17, 34.3655, 0, 324.445, 
6, 0, 41.0348, -207.499, 11438.3, -35.8506, 30.2079, -169.429, 
7, 0, 121.901, 172.191, 3527.4, -37.3141, -33.3377, 370.134, 

------------- Round 64 -------rankID, status, x, y, z, Fx , Fy , Fz --------------
0, 1, 0, 0, 10400.6, 0, 0, 100.01, 
1, 1, 0, 0, 10464.9, 0, 0, -189.078, 
2, 0, 194.903, 0, 2813.8, -35.5737, 0, 342.674, 
3, 0, 46.3449, -104.156, 4352.05, -38.1241, 34.6076, 391.45, 
4, 0, 41.0348, 207.499, 11496.9, -35.8506, -30.2079, -168.78, 
5, 0, -229.873, 0, 2423.17, 34.3655, 0, 324.445, 
6, 0, 41.0348, -207.499, 11438.3, -35.8506, 30.2079, -169.429, 
7, 0, 121.901, 172.191, 3527.4, -37.3141, -33.3377, 370.134, 

------------- Round 65 -------rankID, status, x, y, z, Fx , Fy , Fz --------------
0, 1, 0, 0, 10500.7, 0, 0, 100.01, 
1, 1, 0, 0, 10276.5, 0, 0, -187.742, 
2, 0, 194.903, 0, 2813.8, -35.5737, 0, 342.674, 
3, 0, 46.3449, -104.156, 4352.05, -38.1241, 34.6076, 391.45, 
4, 0, 41.0348, 207.499, 11496.9, -35.8506, -30.2079, -168.78, 
5, 0, -229.873, 0, 2423.17, 34.3655, 0, 324.445, 
6, 0, 41.0348, -207.499, 11438.3, -35.8506, 30.2079, -169.429, 
7, 0, 121.901, 172.191, 3527.4, -37.3141, -33.3377, 370.134, 

------------- Round 66 -------rankID, status, x, y, z, Fx , Fy , Fz --------------
0, 1, 0, 0, 10600.7, 0, 0, 100.01, 
1, 1, 0, 0, 10090.2, 0, 0, -184.701, 
2, 0, 194.903, 0, 2813.8, -35.5737, 0, 342.674, 
3, 0, 46.3449, -104.156, 4352.05, -38.1241, 34.6076, 391.45, 
4, 0, 41.0348, 207.499, 11496.9, -35.8506, -30.2079, -168.78, 
5, 0, -229.873, 0, 2423.17, 34.3655, 0, 324.445, 
6, 0, 41.0348, -207.499, 11438.3, -35.8506, 30.2079, -169.429, 
7, 0, 121.901, 172.191, 3527.4, -37.3141, -33.3377, 370.134, 

------------- Round 67 -------rankID, status, x, y, z, Fx , Fy , Fz --------------
0, 1, 0, 0, 10700.7, 0, 0, 100.01, 
1, 1, 0, 0, 9907.89, 0, 0, -179.978, 
2, 0, 194.903, 0, 2813.8, -35.5737, 0, 342.674, 
3, 0, 46.3449, -104.156, 4352.05, -38.1241, 34.6076, 391.45, 
4, 0, 41.0348, 207.499, 11496.9, -35.8506, -30.2079, -168.78, 
5, 0, -229.873, 0, 2423.17, 34.3655, 0, 324.445, 
6, 0, 41.0348, -207.499, 11438.3, -35.8506, 30.2079, -169.429, 
7, 0, 121.901, 172.191, 3527.4, -37.3141, -33.3377, 370.134, 

------------- Round 68 -------rankID, status, x, y, z, Fx , Fy , Fz --------------
0, 1, 0, 0, 10800.7, 0, 0, 100.01, 
1, 1, 0, 0, 9731.1, 0, 0, -173.606, 
2, 0, 194.903, 0, 2813.8, -35.5737, 0, 342.674, 
3, 0, 46.3449, -104.156, 4352.05, -38.1241, 34.6076, 391.45, 
4, 0, 41.0348, 207.499, 11496.9, -35.8506, -30.2079, -168.78, 
5, 0, -229.873, 0, 2423.17, 34.3655, 0, 324.445, 
6, 0, 41.0348, -207.499, 11438.3, -35.8506, 30.2079, -169.429, 
7, 0, 121.901, 172.191, 3527.4, -37.3141, -33.3377, 370.134, 

------------- Round 69 -------rankID, status, x, y, z, Fx , Fy , Fz --------------
0, 1, 0, 0, 10900.7, 0, 0, 100.01, 
1, 1, 0, 0, 9561.48, 0, 0, -165.627, 
2, 0, 194.903, 0, 2813.8, -35.5737, 0, 342.674, 
3, 0, 46.3449, -104.156, 4352.05, -38.1241, 34.6076, 391.45, 
4, 0, 41.0348, 207.499, 11496.9, -35.8506, -30.2079, -168.78, 
5, 0, -229.873, 0, 2423.17, 34.3655, 0, 324.445, 
6, 0, 41.0348, -207.499, 11438.3, -35.8506, 30.2079, -169.429, 
7, 0, 121.901, 172.191, 3527.4, -37.3141, -33.3377, 370.134, 

------------- Round 70 -------rankID, status, x, y, z, Fx , Fy , Fz --------------
0, 1, 0, 0, 11000.7, 0, 0, 100.01, 
1, 1, 0, 0, 9400.62, 0, 0, -156.095, 
2, 0, 194.903, 0, 2813.8, -35.5737, 0, 342.674, 
3, 0, 46.3449, -104.156, 4352.05, -38.1241, 34.6076, 391.45, 
4, 0, 41.0348, 207.499, 11496.9, -35.8506, -30.2079, -168.78, 
5, 0, -229.873, 0, 2423.17, 34.3655, 0, 324.445, 
6, 0, 41.0348, -207.499, 11438.3, -35.8506, 30.2079, -169.429, 
7, 0, 121.901, 172.191, 3527.4, -37.3141, -33.3377, 370.134, 

------------- Round 71 -------rankID, status, x, y, z, Fx , Fy , Fz --------------
0, 1, 0, 0, 11100.7, 0, 0, 100.01, 
1, 1, 0, 0, 9250.04, 0, 0, -145.069, 
2, 0, 194.903, 0, 2813.8, -35.5737, 0, 342.674, 
3, 0, 46.3449, -104.156, 4352.05, -38.1241, 34.6076, 391.45, 
4, 0, 41.0348, 207.499, 11496.9, -35.8506, -30.2079, -168.78, 
5, 0, -229.873, 0, 2423.17, 34.3655, 0, 324.445, 
6, 0, 41.0348, -207.499, 11438.3, -35.8506, 30.2079, -169.429, 
7, 0, 121.901, 172.191, 3527.4, -37.3141, -33.3377, 370.134, 

------------- Round 72 -------rankID, status, x, y, z, Fx , Fy , Fz --------------
0, 1, 0, 0, 11200.7, 0, 0, 100.01, 
1, 1, 0, 0, 9111.2, 0, 0, -132.62, 
2, 0, 194.903, 0, 2813.8, -35.5737, 0, 342.674, 
3, 0, 46.3449, -104.156, 4352.05, -38.1241, 34.6076, 391.45, 
4, 0, 41.0348, 207.499, 11496.9, -35.8506, -30.2079, -168.78, 
5, 0, -229.873, 0, 2423.17, 34.3655, 0, 324.445, 
6, 0, 41.0348, -207.499, 11438.3, -35.8506, 30.2079, -169.429, 
7, 0, 121.901, 172.191, 3527.4, -37.3141, -33.3377, 370.134, 

------------- Round 73 -------rankID, status, x, y, z, Fx , Fy , Fz --------------
0, 1, 0, 0, 11300.7, 0, 0, 100.01, 
1, 1, 0, 0, 8985.47, 0, 0, -118.827, 
2, 0, 194.903, 0, 2813.8, -35.5737, 0, 342.674, 
3, 0, 46.3449, -104.156, 4352.05, -38.1241, 34.6076, 391.45, 
4, 0, 41.0348, 207.499, 11496.9, -35.8506, -30.2079, -168.78, 
5, 0, -229.873, 0, 2423.17, 34.3655, 0, 324.445, 
6, 0, 41.0348, -207.499, 11438.3, -35.8506, 30.2079, -169.429, 
7, 0, 121.901, 172.191, 3527.4, -37.3141, -33.3377, 370.134, 

------------- Round 74 -------rankID, status, x, y, z, Fx , Fy , Fz --------------
0, 1, 0, 0, 11400.7, 0, 0, 100.01, 
1, 1, 0, 0, 8874.17, 0, 0, -103.774, 
2, 0, 194.903, 0, 2813.8, -35.5737, 0, 342.674, 
3, 0, 46.3449, -104.156, 4352.05, -38.1241, 34.6076, 391.45, 
4, 0, 41.0348, 207.499, 11496.9, -35.8506, -30.2079, -168.78, 
5, 0, -229.873, 0, 2423.17, 34.3655, 0, 324.445, 
6, 0, 41.0348, -207.499, 11438.3, -35.8506, 30.2079, -169.429, 
7, 0, 121.901, 172.191, 3527.4, -37.3141, -33.3377, 370.134, 

------------- Round 75 -------rankID, status, x, y, z, Fx , Fy , Fz --------------
0, 1, 0, 0, 11500.8, 0, 0, 100.01, 
1, 1, 0, 0, 8778.51, 0, 0, -87.5558, 
2, 0, 194.903, 0, 2813.8, -35.5737, 0, 342.674, 
3, 0, 46.3449, -104.156, 4352.05, -38.1241, 34.6076, 391.45, 
4, 0, 41.0348, 207.499, 11496.9, -35.8506, -30.2079, -168.78, 
5, 0, -229.873, 0, 2423.17, 34.3655, 0, 324.445, 
6, 0, 41.0348, -207.499, 11438.3, -35.8506, 30.2079, -169.429, 
7, 0, 121.901, 172.191, 3527.4, -37.3141, -33.3377, 370.134, 

------------- Round 76 -------rankID, status, x, y, z, Fx , Fy , Fz --------------
0, 1, 0, 0, 11600.8, 0, 0, 100.01, 
1, 1, 0, 0, 8699.6, 0, 0, -70.2715, 
2, 0, 194.903, 0, 2813.8, -35.5737, 0, 342.674, 
3, 0, 46.3449, -104.156, 4352.05, -38.1241, 34.6076, 391.45, 
4, 0, 41.0348, 207.499, 11496.9, -35.8506, -30.2079, -168.78, 
5, 0, -229.873, 0, 2423.17, 34.3655, 0, 324.445, 
6, 0, 41.0348, -207.499, 11438.3, -35.8506, 30.2079, -169.429, 
7, 0, 121.901, 172.191, 3527.4, -37.3141, -33.3377, 370.134, 

------------- Round 77 -------rankID, status, x, y, z, Fx , Fy , Fz --------------
0, 1, 0, 0, 11700.8, 0, 0, 100.01, 
1, 1, 0, 0, 8638.45, 0, 0, -52.0271, 
2, 0, 194.903, 0, 2813.8, -35.5737, 0, 342.674, 
3, 0, 46.3449, -104.156, 4352.05, -38.1241, 34.6076, 391.45, 
4, 0, 41.0348, 207.499, 11496.9, -35.8506, -30.2079, -168.78, 
5, 0, -229.873, 0, 2423.17, 34.3655, 0, 324.445, 
6, 0, 41.0348, -207.499, 11438.3, -35.8506, 30.2079, -169.429, 
7, 0, 121.901, 172.191, 3527.4, -37.3141, -33.3377, 370.134, 

------------- Round 78 -------rankID, status, x, y, z, Fx , Fy , Fz --------------
0, 1, 0, 0, 11800.8, 0, 0, 100.01, 
1, 1, 0, 0, 8595.97, 0, 0, -32.9338, 
2, 0, 194.903, 0, 2813.8, -35.5737, 0, 342.674, 
3, 0, 46.3449, -104.156, 4352.05, -38.1241, 34.6076, 391.45, 
4, 0, 41.0348, 207.499, 11496.9, -35.8506, -30.2079, -168.78, 
5, 0, -229.873, 0, 2423.17, 34.3655, 0, 324.445, 
6, 0, 41.0348, -207.499, 11438.3, -35.8506, 30.2079, -169.429, 
7, 0, 121.901, 172.191, 3527.4, -37.3141, -33.3377, 370.134, 

------------- Round 79 -------rankID, status, x, y, z, Fx , Fy , Fz --------------
0, 1, 0, 0, 11900.8, 0, 0, 100.01, 
1, 1, 0, 0, 8572.94, 0, 0, -13.1075, 
2, 0, 194.903, 0, 2813.8, -35.5737, 0, 342.674, 
3, 0, 46.3449, -104.156, 4352.05, -38.1241, 34.6076, 391.45, 
4, 0, 41.0348, 207.499, 11496.9, -35.8506, -30.2079, -168.78, 
5, 0, -229.873, 0, 2423.17, 34.3655, 0, 324.445, 
6, 0, 41.0348, -207.499, 11438.3, -35.8506, 30.2079, -169.429, 
7, 0, 121.901, 172.191, 3527.4, -37.3141, -33.3377, 370.134, 

------------- Round 80 -------rankID, status, x, y, z, Fx , Fy , Fz --------------
0, 1, 0, 0, 12000.8, 0, 0, 100.01, 
1, 1, 0, 0, 8570.06, 0, 0, 7.3318, 
2, 0, 194.903, 0, 2813.8, -35.5737, 0, 342.674, 
3, 0, 46.3449, -104.156, 4352.05, -38.1241, 34.6076, 391.45, 
4, 0, 41.0348, 207.499, 11496.9, -35.8506, -30.2079, -168.78, 
5, 0, -229.873, 0, 2423.17, 34.3655, 0, 324.445, 
6, 0, 41.0348, -207.499, 11438.3, -35.8506, 30.2079, -169.429, 
7, 0, 121.901, 172.191, 3527.4, -37.3141, -33.3377, 370.134, 

------------- Round 81 -------rankID, status, x, y, z, Fx , Fy , Fz --------------
0, 1, 0, 0, 12100.8, 0, 0, 100.01, 
1, 1, 0, 0, 8587.85, 0, 0, 28.2609, 
2, 0, 194.903, 0, 2813.8, -35.5737, 0, 342.674, 
3, 0, 46.3449, -104.156, 4352.05, -38.1241, 34.6076, 391.45, 
4, 0, 41.0348, 207.499, 11496.9, -35.8506, -30.2079, -168.78, 
5, 0, -229.873, 0, 2423.17, 34.3655, 0, 324.445, 
6, 0, 41.0348, -207.499, 11438.3, -35.8506, 30.2079, -169.429, 
7, 0, 121.901, 172.191, 3527.4, -37.3141, -33.3377, 370.134, 

------------- Round 82 -------rankID, status, x, y, z, Fx , Fy , Fz --------------
0, 1, 0, 0, 12200.8, 0, 0, 100.01, 
1, 1, 0, 0, 8626.76, 0, 0, 49.5541, 
2, 0, 194.903, 0, 2813.8, -35.5737, 0, 342.674, 
3, 0, 46.3449, -104.156, 4352.05, -38.1241, 34.6076, 391.45, 
4, 0, 41.0348, 207.499, 11496.9, -35.8506, -30.2079, -168.78, 
5, 0, -229.873, 0, 2423.17, 34.3655, 0, 324.445, 
6, 0, 41.0348, -207.499, 11438.3, -35.8506, 30.2079, -169.429, 
7, 0, 121.901, 172.191, 3527.4, -37.3141, -33.3377, 370.134, 

------------- Round 83 -------rankID, status, x, y, z, Fx , Fy , Fz --------------
0, 1, 0, 0, 12300.8, 0, 0, 100.01, 
1, 1, 0, 0, 8687.08, 0, 0, 71.0837, 
2, 0, 194.903, 0, 2813.8, -35.5737, 0, 342.674, 
3, 0, 46.3449, -104.156, 4352.05, -38.1241, 34.6076, 391.45, 
4, 0, 41.0348, 207.499, 11496.9, -35.8506, -30.2079, -168.78, 
5, 0, -229.873, 0, 2423.17, 34.3655, 0, 324.445, 
6, 0, 41.0348, -207.499, 11438.3, -35.8506, 30.2079, -169.429, 
7, 0, 121.901, 172.191, 3527.4, -37.3141, -33.3377, 370.134, 

------------- Round 84 -------rankID, status, x, y, z, Fx , Fy , Fz --------------
0, 1, 0, 0, 12400.8, 0, 0, 100.01, 
1, 1, 0, 0, 8768.98, 0, 0, 92.7212, 
2, 0, 194.903, 0, 2813.8, -35.5737, 0, 342.674, 
3, 0, 46.3449, -104.156, 4352.05, -38.1241, 34.6076, 391.45, 
4, 0, 41.0348, 207.499, 11496.9, -35.8506, -30.2079, -168.78, 
5, 0, -229.873, 0, 2423.17, 34.3655, 0, 324.445, 
6, 0, 41.0348, -207.499, 11438.3, -35.8506, 30.2079, -169.429, 
7, 0, 121.901, 172.191, 3527.4, -37.3141, -33.3377, 370.134, 

------------- Round 85 -------rankID, status, x, y, z, Fx , Fy , Fz --------------
0, 1, 0, 0, 12500.9, 0, 0, 100.01, 
1, 1, 0, 0, 8872.51, 0, 0, 114.338, 
2, 0, 194.903, 0, 2813.8, -35.5737, 0, 342.674, 
3, 0, 46.3449, -104.156, 4352.05, -38.1241, 34.6076, 391.45, 
4, 0, 41.0348, 207.499, 11496.9, -35.8506, -30.2079, -168.78, 
5, 0, -229.873, 0, 2423.17, 34.3655, 0, 324.445, 
6, 0, 41.0348, -207.499, 11438.3, -35.8506, 30.2079, -169.429, 
7, 0, 121.901, 172.191, 3527.4, -37.3141, -33.3377, 370.134, 

------------- Round 86 -------rankID, status, x, y, z, Fx , Fy , Fz --------------
0, 1, 0, 0, 12600.9, 0, 0, 100.01, 
1, 1, 0, 0, 8997.58, 0, 0, 135.805, 
2, 0, 194.903, 0, 2813.8, -35.5737, 0, 342.674, 
3, 0, 46.3449, -104.156, 4352.05, -38.1241, 34.6076, 391.45, 
4, 0, 41.0348, 207.499, 11496.9, -35.8506, -30.2079, -168.78, 
5, 0, -229.873, 0, 2423.17, 34.3655, 0, 324.445, 
6, 0, 41.0348, -207.499, 11438.3, -35.8506, 30.2079, -169.429, 
7, 0, 121.901, 172.191, 3527.4, -37.3141, -33.3377, 370.134, 

------------- Round 87 -------rankID, status, x, y, z, Fx , Fy , Fz --------------
0, 1, 0, 0, 12700.9, 0, 0, 100.01, 
1, 1, 0, 0, 9143.98, 0, 0, 156.996, 
2, 0, 194.903, 0, 2813.8, -35.5737, 0, 342.674, 
3, 0, 46.3449, -104.156, 4352.05, -38.1241, 34.6076, 391.45, 
4, 0, 41.0348, 207.499, 11496.9, -35.8506, -30.2079, -168.78, 
5, 0, -229.873, 0, 2423.17, 34.3655, 0, 324.445, 
6, 0, 41.0348, -207.499, 11438.3, -35.8506, 30.2079, -169.429, 
7, 0, 121.901, 172.191, 3527.4, -37.3141, -33.3377, 370.134, 

------------- Round 88 -------rankID, status, x, y, z, Fx , Fy , Fz --------------
0, 1, 0, 0, 12800.9, 0, 0, 100.01, 
1, 1, 0, 0, 9311.37, 0, 0, 177.785, 
2, 0, 194.903, 0, 2813.8, -35.5737, 0, 342.674, 
3, 0, 46.3449, -104.156, 4352.05, -38.1241, 34.6076, 391.45, 
4, 0, 41.0348, 207.499, 11496.9, -35.8506, -30.2079, -168.78, 
5, 0, -229.873, 0, 2423.17, 34.3655, 0, 324.445, 
6, 0, 41.0348, -207.499, 11438.3, -35.8506, 30.2079, -169.429, 
7, 0, 121.901, 172.191, 3527.4, -37.3141, -33.3377, 370.134, 

------------- Round 89 -------rankID, status, x, y, z, Fx , Fy , Fz --------------
0, 1, 0, 0, 12900.9, 0, 0, 100.01, 
1, 1, 0, 0, 9499.29, 0, 0, 198.051, 
2, 0, 194.903, 0, 2813.8, -35.5737, 0, 342.674, 
3, 0, 46.3449, -104.156, 4352.05, -38.1241, 34.6076, 391.45, 
4, 0, 41.0348, 207.499, 11496.9, -35.8506, -30.2079, -168.78, 
5, 0, -229.873, 0, 2423.17, 34.3655, 0, 324.445, 
6, 0, 41.0348, -207.499, 11438.3, -35.8506, 30.2079, -169.429, 
7, 0, 121.901, 172.191, 3527.4, -37.3141, -33.3377, 370.134, 

------------- Round 90 -------rankID, status, x, y, z, Fx , Fy , Fz --------------
0, 1, 0, 0, 13000.9, 0, 0, 100.01, 
1, 1, 0, 0, 9707.15, 0, 0, 217.674, 
2, 0, 194.903, 0, 2813.8, -35.5737, 0, 342.674, 
3, 0, 46.3449, -104.156, 4352.05, -38.1241, 34.6076, 391.45, 
4, 0, 41.0348, 207.499, 11496.9, -35.8506, -30.2079, -168.78, 
5, 0, -229.873, 0, 2423.17, 34.3655, 0, 324.445, 
6, 0, 41.0348, -207.499, 11438.3, -35.8506, 30.2079, -169.429, 
7, 0, 121.901, 172.191, 3527.4, -37.3141, -33.3377, 370.134, 

------------- Round 91 -------rankID, status, x, y, z, Fx , Fy , Fz --------------
0, 1, 0, 0, 13100.9, 0, 0, 100.01, 
1, 1, 0, 0, 9934.26, 0, 0, 236.54, 
2, 0, 194.903, 0, 2813.8, -35.5737, 0, 342.674, 
3, 0, 46.3449, -104.156, 4352.05, -38.1241, 34.6076, 391.45, 
4, 0, 41.0348, 207.499, 11496.9, -35.8506, -30.2079, -168.78, 
5, 0, -229.873, 0, 2423.17, 34.3655, 0, 324.445, 
6, 0, 41.0348, -207.499, 11438.3, -35.8506, 30.2079, -169.429, 
7, 0, 121.901, 172.191, 3527.4, -37.3141, -33.3377, 370.134, 

------------- Round 92 -------rankID, status, x, y, z, Fx , Fy , Fz --------------
0, 1, 0, 0, 13200.9, 0, 0, 100.01, 
1, 1, 0, 0, 10179.8, 0, 0, 254.539, 
2, 0, 194.903, 0, 2813.8, -35.5737, 0, 342.674, 
3, 0, 46.3449, -104.156, 4352.05, -38.1241, 34.6076, 391.45, 
4, 0, 41.0348, 207.499, 11496.9, -35.8506, -30.2079, -168.78, 
5, 0, -229.873, 0, 2423.17, 34.3655, 0, 324.445, 
6, 0, 41.0348, -207.499, 11438.3, -35.8506, 30.2079, -169.429, 
7, 0, 121.901, 172.191, 3527.4, -37.3141, -33.3377, 370.134, 

------------- Round 93 -------rankID, status, x, y, z, Fx , Fy , Fz --------------
0, 1, 0, 0, 13300.9, 0, 0, 100.01, 
1, 1, 0, 0, 10442.9, 0, 0, 271.566, 
2, 0, 194.903, 0, 2813.8, -35.5737, 0, 342.674, 
3, 0, 46.3449, -104.156, 4352.05, -38.1241, 34.6076, 391.45, 
4, 0, 41.0348, 207.499, 11496.9, -35.8506, -30.2079, -168.78, 
5, 0, -229.873, 0, 2423.17, 34.3655, 0, 324.445, 
6, 0, 41.0348, -207.499, 11438.3, -35.8506, 30.2079, -169.429, 
7, 0, 121.901, 172.191, 3527.4, -37.3141, -33.3377, 370.134, 

------------- Round 94 -------rankID, status, x, y, z, Fx , Fy , Fz --------------
0, 1, 0, 0, 13400.9, 0, 0, 100.01, 
1, 1, 0, 0, 10722.4, 0, 0, 287.524, 
2, 0, 194.903, 0, 2813.8, -35.5737, 0, 342.674, 
3, 0, 46.3449, -104.156, 4352.05, -38.1241, 34.6076, 391.45, 
4, 0, 41.0348, 207.499, 11496.9, -35.8506, -30.2079, -168.78, 
5, 0, -229.873, 0, 2423.17, 34.3655, 0, 324.445, 
6, 0, 41.0348, -207.499, 11438.3, -35.8506, 30.2079, -169.429, 
7, 0, 121.901, 172.191, 3527.4, -37.3141, -33.3377, 370.134, 

------------- Round 95 -------rankID, status, x, y, z, Fx , Fy , Fz --------------
0, 1, 0, 0, 13501, 0, 0, 100.01, 
ship - 1 collided with ship: 6 at position 57266
1, 1, 0, 0, 11017.3, 0, 0, 302.321, 
2, 0, 194.903, 0, 2813.8, -35.5737, 0, 342.674, 
3, 0, 46.3449, -104.156, 4352.05, -38.1241, 34.6076, 391.45, 
4, 0, 41.0348, 207.499, 11496.9, -35.8506, -30.2079, -168.78, 
5, 0, -229.873, 0, 2423.17, 34.3655, 0, 324.445, 
6, 0, 41.0348, -207.499, 11438.3, -35.8506, 30.2079, -169.429, 
7, 0, 121.901, 172.191, 3527.4, -37.3141, -33.3377, 370.134, 

------------- Round 96 -------rankID, status, x, y, z, Fx , Fy , Fz --------------
0, 1, 0, 0, 13601, 0, 0, 100.01, 
1, 0, 0, 0, 11326.4, 0, 0, 315.872, 
2, 0, 194.903, 0, 2813.8, -35.5737, 0, 342.674, 
3, 0, 46.3449, -104.156, 4352.05, -38.1241, 34.6076, 391.45, 
4, 0, 41.0348, 207.499, 11496.9, -35.8506, -30.2079, -168.78, 
5, 0, -229.873, 0, 2423.17, 34.3655, 0, 324.445, 
6, 0, 41.0348, -207.499, 11438.3, -35.8506, 30.2079, -169.429, 
7, 0, 121.901, 172.191, 3527.4, -37.3141, -33.3377, 370.134, 

Mission failed! All Yellow Jackets have been destroyed! 

